 EP14    59.325700  -155.903600    56.000000
 EP15    58.966400  -155.086700   249.000000
 EP16    59.112600  -156.856700    43.000000
 EP21    58.212000  -157.376900    46.000000
 EP22    57.900700  -155.786500    63.000000
 EP23    56.907100  -157.020100    39.000000
 ET17    58.609700  -156.265000    51.000000
 ET18    58.545800  -155.788000    60.000000
 ET19    58.368600  -155.439400   322.000000
 ET20    58.130400  -154.971600   965.500000
 KD01    57.640100  -152.437500    79.000000
 KD02    57.861800  -152.657500    57.000000
 KD04    57.304200  -152.849700    34.000000
 KD05    57.871700  -153.409900    38.000000
 KD12    57.313000  -154.612200    90.000000
 KS03    57.613300  -152.235300    45.000000
 KS11    57.127700  -153.087900    39.000000
 KS13    56.947200  -154.172900    45.000000
 KT06    57.651700  -154.004100    46.000000
 KT07    57.537500  -153.981400    38.000000
 KT08    57.443000  -153.814900    41.000000
 KT09    57.348000  -153.794500    47.000000
 KT10    57.295000  -153.660000    43.000000
 LA29    54.291800  -157.370500 -4408.000000
 LA30    54.672700  -157.420300 -1564.000000
 LA32    54.498200  -157.852200 -1595.000000
 LA33    54.152800  -158.114300 -4478.000000
 LA34    54.044900  -158.588100 -4612.000000
 LA39    56.882700  -151.001100 -1628.000000
 LD35    54.249500  -158.872000 -1993.000000
 LD36    55.252400  -155.752500  -935.000000
 LD40    56.303700  -152.410200 -1055.000000
 LD41    54.521900  -153.407400 -4284.000000
 LD44    53.830200  -159.773600 -4675.000000
 LD45    54.102500  -159.882900 -2019.000000
 LT01    56.775600  -152.522800  -156.000000
 LT03    57.866800  -154.166500  -202.000000
 LT04    56.111800  -154.444600  -157.000000
 LT07    56.671200  -156.119900  -262.000000
 LT09    55.121500  -157.138900  -151.000000
 LT10    55.625100  -157.325100   -98.000000
 LT12    55.207000  -157.778000   -83.000000
 LT13    54.843900  -158.346600  -203.000000
 LT15    55.200200  -158.359800  -167.000000
 LT17    54.567700  -160.201600  -114.000000
 LT20    54.800200  -161.374600  -150.000000
 WD48    56.627365  -151.731343 -1324.000000
 WD49    54.399083  -151.899470 -4091.000000
 WD50    55.449527  -152.391763 -4986.600000
 WD51    55.905087  -152.771768 -4361.000000
 WD52    54.046622  -159.346215 -2564.000000
 WD53    53.779448  -153.422908 -4646.000000
 WD54    56.331433  -149.066665 -4520.000000
 WD55    55.761625  -153.662817 -1284.000000
 WD57    54.736387  -154.434305 -5053.000000
 WD58    53.906227  -155.035345 -4493.000000
 WD60    52.644867  -156.579823 -4519.000000
 WD61    54.647613  -156.868282 -2067.000000
 WD65    52.899057  -158.912380 -4718.000000
 WD66    53.314520  -159.617565 -4941.000000
 WD67    52.162563  -160.035832 -4652.000000
 WD68    52.917603  -160.081145 -4715.000000
 WD69    53.782065  -160.342890 -3896.000000
 WD70    56.541073  -151.234407 -3253.000000
 WP24    56.924100  -158.660300    43.000000
 WP25    56.453000  -159.756300    47.000000
 WP30    56.001000  -161.201400    41.000000
 WS26    55.912300  -159.143100    36.000000
 WS27    55.223600  -159.913600    41.000000
 WS28    55.074600  -162.299200    45.000000
